{
 "cells": [
  {
   "cell_type": "markdown",
   "metadata": {},
   "source": [
    "# Global Terrorism-Exploratory Data Analysis"
   ]
  },
  {
   "cell_type": "markdown",
   "metadata": {},
   "source": [
    "## Data Preprocessing"
   ]
  },
  {
   "cell_type": "code",
   "execution_count": 1,
   "metadata": {},
   "outputs": [],
   "source": [
    "#Choosing useful columns for analysis\n",
    "usecols = [0,1,2, 5, 8,9, 10, 11, 12, 13, 14, 25, 26, 27, 29, 35, 58, 71, 73, 82,84,98, 101]\n",
    "renamecols = {\n",
    "    'eventid': u'event',\n",
    "    'latitude': 'lat',\n",
    "    'longitude': 'lon',\n",
    "    'iyear': u'year',\n",
    "    'country_txt': u'countryname',\n",
    "    'region_txt': u'regionname',\n",
    "    'provstate': u'state',\n",
    "    'attacktype1_txt': u'attacktype',\n",
    "    'targtype1_txt': u'targettype',\n",
    "    'weaptype1_txt': u'weapontype',\n",
    "    'nperps': u'nter',\n",
    "    'nkill': u'nkilled',\n",
    "    'nkillter': u'nkilledter',\n",
    "    'nwound': u'nwounded',\n",
    "    'nwoundte': u'nwoundedter',\n",
    "    'propextent_txt': u'propertyextent',\n",
    "    'gname': u'groupname'\n",
    "    }\n"
   ]
  },
  {
   "cell_type": "code",
   "execution_count": 2,
   "metadata": {
    "scrolled": true
   },
   "outputs": [
    {
     "data": {
      "text/plain": [
       "Index(['event', 'year', 'imonth', 'extended', 'countryname', 'region',\n",
       "       'regionname', 'state', 'city', 'lat', 'lon', 'multiple', 'success',\n",
       "       'suicide', 'attacktype', 'targettype', 'groupname', 'claimed',\n",
       "       'claimmode_txt', 'weapontype', 'weapsubtype1_txt', 'nkilled',\n",
       "       'nwounded'],\n",
       "      dtype='object')"
      ]
     },
     "execution_count": 2,
     "metadata": {},
     "output_type": "execute_result"
    }
   ],
   "source": [
    "#Reading data from csv file and creating data frame\n",
    "import pandas as pd\n",
    "import numpy as np\n",
    "import matplotlib.pyplot as plt\n",
    "import seaborn as sns\n",
    "\n",
    "df = pd.read_csv('/Users/Umadevi_1/Documents/uma/Thinkful/Job search/spark internship/gtdb.csv',encoding='ISO-8859-1',usecols=usecols)\n",
    "df.rename(columns=renamecols,inplace=True)\n",
    "df.columns"
   ]
  },
  {
   "cell_type": "markdown",
   "metadata": {},
   "source": [
    "## Checking Data distributions-Initial Exploration"
   ]
  },
  {
   "cell_type": "code",
   "execution_count": 3,
   "metadata": {},
   "outputs": [
    {
     "data": {
      "text/plain": [
       "(181691, 23)"
      ]
     },
     "execution_count": 3,
     "metadata": {},
     "output_type": "execute_result"
    }
   ],
   "source": [
    "df.shape"
   ]
  },
  {
   "cell_type": "code",
   "execution_count": 4,
   "metadata": {},
   "outputs": [
    {
     "data": {
      "text/plain": [
       "event                    0\n",
       "year                     0\n",
       "imonth                   0\n",
       "extended                 0\n",
       "countryname              0\n",
       "region                   0\n",
       "regionname               0\n",
       "state                  421\n",
       "city                   434\n",
       "lat                   4556\n",
       "lon                   4557\n",
       "multiple                 1\n",
       "success                  0\n",
       "suicide                  0\n",
       "attacktype               0\n",
       "targettype               0\n",
       "groupname                0\n",
       "claimed              66120\n",
       "claimmode_txt       162608\n",
       "weapontype               0\n",
       "weapsubtype1_txt     20768\n",
       "nkilled              10313\n",
       "nwounded             16311\n",
       "dtype: int64"
      ]
     },
     "execution_count": 4,
     "metadata": {},
     "output_type": "execute_result"
    }
   ],
   "source": [
    "df.isnull().sum()"
   ]
  },
  {
   "cell_type": "code",
   "execution_count": 5,
   "metadata": {},
   "outputs": [
    {
     "data": {
      "text/html": [
       "<div>\n",
       "<style scoped>\n",
       "    .dataframe tbody tr th:only-of-type {\n",
       "        vertical-align: middle;\n",
       "    }\n",
       "\n",
       "    .dataframe tbody tr th {\n",
       "        vertical-align: top;\n",
       "    }\n",
       "\n",
       "    .dataframe thead th {\n",
       "        text-align: right;\n",
       "    }\n",
       "</style>\n",
       "<table border=\"1\" class=\"dataframe\">\n",
       "  <thead>\n",
       "    <tr style=\"text-align: right;\">\n",
       "      <th></th>\n",
       "      <th>event</th>\n",
       "      <th>year</th>\n",
       "      <th>imonth</th>\n",
       "      <th>extended</th>\n",
       "      <th>region</th>\n",
       "      <th>lat</th>\n",
       "      <th>lon</th>\n",
       "      <th>multiple</th>\n",
       "      <th>success</th>\n",
       "      <th>suicide</th>\n",
       "      <th>claimed</th>\n",
       "      <th>nkilled</th>\n",
       "      <th>nwounded</th>\n",
       "    </tr>\n",
       "  </thead>\n",
       "  <tbody>\n",
       "    <tr>\n",
       "      <th>count</th>\n",
       "      <td>1.816910e+05</td>\n",
       "      <td>181691.000000</td>\n",
       "      <td>181691.000000</td>\n",
       "      <td>181691.000000</td>\n",
       "      <td>181691.000000</td>\n",
       "      <td>177135.000000</td>\n",
       "      <td>1.771340e+05</td>\n",
       "      <td>181690.000000</td>\n",
       "      <td>181691.000000</td>\n",
       "      <td>181691.000000</td>\n",
       "      <td>115571.000000</td>\n",
       "      <td>171378.000000</td>\n",
       "      <td>165380.000000</td>\n",
       "    </tr>\n",
       "    <tr>\n",
       "      <th>mean</th>\n",
       "      <td>2.002705e+11</td>\n",
       "      <td>2002.638997</td>\n",
       "      <td>6.467277</td>\n",
       "      <td>0.045346</td>\n",
       "      <td>7.160938</td>\n",
       "      <td>23.498343</td>\n",
       "      <td>-4.586957e+02</td>\n",
       "      <td>0.137773</td>\n",
       "      <td>0.889598</td>\n",
       "      <td>0.036507</td>\n",
       "      <td>0.049666</td>\n",
       "      <td>2.403272</td>\n",
       "      <td>3.167668</td>\n",
       "    </tr>\n",
       "    <tr>\n",
       "      <th>std</th>\n",
       "      <td>1.325957e+09</td>\n",
       "      <td>13.259430</td>\n",
       "      <td>3.388303</td>\n",
       "      <td>0.208063</td>\n",
       "      <td>2.933408</td>\n",
       "      <td>18.569242</td>\n",
       "      <td>2.047790e+05</td>\n",
       "      <td>0.344663</td>\n",
       "      <td>0.313391</td>\n",
       "      <td>0.187549</td>\n",
       "      <td>1.093195</td>\n",
       "      <td>11.545741</td>\n",
       "      <td>35.949392</td>\n",
       "    </tr>\n",
       "    <tr>\n",
       "      <th>min</th>\n",
       "      <td>1.970000e+11</td>\n",
       "      <td>1970.000000</td>\n",
       "      <td>0.000000</td>\n",
       "      <td>0.000000</td>\n",
       "      <td>1.000000</td>\n",
       "      <td>-53.154613</td>\n",
       "      <td>-8.618590e+07</td>\n",
       "      <td>0.000000</td>\n",
       "      <td>0.000000</td>\n",
       "      <td>0.000000</td>\n",
       "      <td>-9.000000</td>\n",
       "      <td>0.000000</td>\n",
       "      <td>0.000000</td>\n",
       "    </tr>\n",
       "    <tr>\n",
       "      <th>25%</th>\n",
       "      <td>1.991021e+11</td>\n",
       "      <td>1991.000000</td>\n",
       "      <td>4.000000</td>\n",
       "      <td>0.000000</td>\n",
       "      <td>5.000000</td>\n",
       "      <td>11.510046</td>\n",
       "      <td>4.545640e+00</td>\n",
       "      <td>0.000000</td>\n",
       "      <td>1.000000</td>\n",
       "      <td>0.000000</td>\n",
       "      <td>0.000000</td>\n",
       "      <td>0.000000</td>\n",
       "      <td>0.000000</td>\n",
       "    </tr>\n",
       "    <tr>\n",
       "      <th>50%</th>\n",
       "      <td>2.009022e+11</td>\n",
       "      <td>2009.000000</td>\n",
       "      <td>6.000000</td>\n",
       "      <td>0.000000</td>\n",
       "      <td>6.000000</td>\n",
       "      <td>31.467463</td>\n",
       "      <td>4.324651e+01</td>\n",
       "      <td>0.000000</td>\n",
       "      <td>1.000000</td>\n",
       "      <td>0.000000</td>\n",
       "      <td>0.000000</td>\n",
       "      <td>0.000000</td>\n",
       "      <td>0.000000</td>\n",
       "    </tr>\n",
       "    <tr>\n",
       "      <th>75%</th>\n",
       "      <td>2.014081e+11</td>\n",
       "      <td>2014.000000</td>\n",
       "      <td>9.000000</td>\n",
       "      <td>0.000000</td>\n",
       "      <td>10.000000</td>\n",
       "      <td>34.685087</td>\n",
       "      <td>6.871033e+01</td>\n",
       "      <td>0.000000</td>\n",
       "      <td>1.000000</td>\n",
       "      <td>0.000000</td>\n",
       "      <td>0.000000</td>\n",
       "      <td>2.000000</td>\n",
       "      <td>2.000000</td>\n",
       "    </tr>\n",
       "    <tr>\n",
       "      <th>max</th>\n",
       "      <td>2.017123e+11</td>\n",
       "      <td>2017.000000</td>\n",
       "      <td>12.000000</td>\n",
       "      <td>1.000000</td>\n",
       "      <td>12.000000</td>\n",
       "      <td>74.633553</td>\n",
       "      <td>1.793667e+02</td>\n",
       "      <td>1.000000</td>\n",
       "      <td>1.000000</td>\n",
       "      <td>1.000000</td>\n",
       "      <td>1.000000</td>\n",
       "      <td>1570.000000</td>\n",
       "      <td>8191.000000</td>\n",
       "    </tr>\n",
       "  </tbody>\n",
       "</table>\n",
       "</div>"
      ],
      "text/plain": [
       "              event           year         imonth       extended  \\\n",
       "count  1.816910e+05  181691.000000  181691.000000  181691.000000   \n",
       "mean   2.002705e+11    2002.638997       6.467277       0.045346   \n",
       "std    1.325957e+09      13.259430       3.388303       0.208063   \n",
       "min    1.970000e+11    1970.000000       0.000000       0.000000   \n",
       "25%    1.991021e+11    1991.000000       4.000000       0.000000   \n",
       "50%    2.009022e+11    2009.000000       6.000000       0.000000   \n",
       "75%    2.014081e+11    2014.000000       9.000000       0.000000   \n",
       "max    2.017123e+11    2017.000000      12.000000       1.000000   \n",
       "\n",
       "              region            lat           lon       multiple  \\\n",
       "count  181691.000000  177135.000000  1.771340e+05  181690.000000   \n",
       "mean        7.160938      23.498343 -4.586957e+02       0.137773   \n",
       "std         2.933408      18.569242  2.047790e+05       0.344663   \n",
       "min         1.000000     -53.154613 -8.618590e+07       0.000000   \n",
       "25%         5.000000      11.510046  4.545640e+00       0.000000   \n",
       "50%         6.000000      31.467463  4.324651e+01       0.000000   \n",
       "75%        10.000000      34.685087  6.871033e+01       0.000000   \n",
       "max        12.000000      74.633553  1.793667e+02       1.000000   \n",
       "\n",
       "             success        suicide        claimed        nkilled  \\\n",
       "count  181691.000000  181691.000000  115571.000000  171378.000000   \n",
       "mean        0.889598       0.036507       0.049666       2.403272   \n",
       "std         0.313391       0.187549       1.093195      11.545741   \n",
       "min         0.000000       0.000000      -9.000000       0.000000   \n",
       "25%         1.000000       0.000000       0.000000       0.000000   \n",
       "50%         1.000000       0.000000       0.000000       0.000000   \n",
       "75%         1.000000       0.000000       0.000000       2.000000   \n",
       "max         1.000000       1.000000       1.000000    1570.000000   \n",
       "\n",
       "            nwounded  \n",
       "count  165380.000000  \n",
       "mean        3.167668  \n",
       "std        35.949392  \n",
       "min         0.000000  \n",
       "25%         0.000000  \n",
       "50%         0.000000  \n",
       "75%         2.000000  \n",
       "max      8191.000000  "
      ]
     },
     "execution_count": 5,
     "metadata": {},
     "output_type": "execute_result"
    }
   ],
   "source": [
    "df.describe()"
   ]
  },
  {
   "cell_type": "code",
   "execution_count": 6,
   "metadata": {
    "scrolled": true
   },
   "outputs": [
    {
     "data": {
      "text/html": [
       "<div>\n",
       "<style scoped>\n",
       "    .dataframe tbody tr th:only-of-type {\n",
       "        vertical-align: middle;\n",
       "    }\n",
       "\n",
       "    .dataframe tbody tr th {\n",
       "        vertical-align: top;\n",
       "    }\n",
       "\n",
       "    .dataframe thead th {\n",
       "        text-align: right;\n",
       "    }\n",
       "</style>\n",
       "<table border=\"1\" class=\"dataframe\">\n",
       "  <thead>\n",
       "    <tr style=\"text-align: right;\">\n",
       "      <th></th>\n",
       "      <th>event</th>\n",
       "      <th>year</th>\n",
       "      <th>imonth</th>\n",
       "      <th>extended</th>\n",
       "      <th>region</th>\n",
       "      <th>lat</th>\n",
       "      <th>lon</th>\n",
       "      <th>multiple</th>\n",
       "      <th>success</th>\n",
       "      <th>suicide</th>\n",
       "      <th>claimed</th>\n",
       "      <th>nkilled</th>\n",
       "      <th>nwounded</th>\n",
       "    </tr>\n",
       "  </thead>\n",
       "  <tbody>\n",
       "    <tr>\n",
       "      <th>event</th>\n",
       "      <td>1.000000</td>\n",
       "      <td>0.999996</td>\n",
       "      <td>0.002706</td>\n",
       "      <td>0.091761</td>\n",
       "      <td>0.401371</td>\n",
       "      <td>0.166886</td>\n",
       "      <td>0.003907</td>\n",
       "      <td>0.093720</td>\n",
       "      <td>-0.082972</td>\n",
       "      <td>0.137743</td>\n",
       "      <td>0.141600</td>\n",
       "      <td>0.015351</td>\n",
       "      <td>0.015282</td>\n",
       "    </tr>\n",
       "    <tr>\n",
       "      <th>year</th>\n",
       "      <td>0.999996</td>\n",
       "      <td>1.000000</td>\n",
       "      <td>0.000139</td>\n",
       "      <td>0.091754</td>\n",
       "      <td>0.401384</td>\n",
       "      <td>0.166933</td>\n",
       "      <td>0.003917</td>\n",
       "      <td>0.093736</td>\n",
       "      <td>-0.082963</td>\n",
       "      <td>0.137736</td>\n",
       "      <td>0.141486</td>\n",
       "      <td>0.015341</td>\n",
       "      <td>0.015273</td>\n",
       "    </tr>\n",
       "    <tr>\n",
       "      <th>imonth</th>\n",
       "      <td>0.002706</td>\n",
       "      <td>0.000139</td>\n",
       "      <td>1.000000</td>\n",
       "      <td>-0.000468</td>\n",
       "      <td>-0.002999</td>\n",
       "      <td>-0.015978</td>\n",
       "      <td>-0.003880</td>\n",
       "      <td>-0.004422</td>\n",
       "      <td>-0.002845</td>\n",
       "      <td>0.003071</td>\n",
       "      <td>0.023083</td>\n",
       "      <td>0.003463</td>\n",
       "      <td>0.002938</td>\n",
       "    </tr>\n",
       "    <tr>\n",
       "      <th>extended</th>\n",
       "      <td>0.091761</td>\n",
       "      <td>0.091754</td>\n",
       "      <td>-0.000468</td>\n",
       "      <td>1.000000</td>\n",
       "      <td>0.038389</td>\n",
       "      <td>-0.024749</td>\n",
       "      <td>0.000523</td>\n",
       "      <td>-0.013440</td>\n",
       "      <td>0.073233</td>\n",
       "      <td>-0.033961</td>\n",
       "      <td>0.006779</td>\n",
       "      <td>0.027737</td>\n",
       "      <td>-0.006627</td>\n",
       "    </tr>\n",
       "    <tr>\n",
       "      <th>region</th>\n",
       "      <td>0.401371</td>\n",
       "      <td>0.401384</td>\n",
       "      <td>-0.002999</td>\n",
       "      <td>0.038389</td>\n",
       "      <td>1.000000</td>\n",
       "      <td>0.309274</td>\n",
       "      <td>0.004351</td>\n",
       "      <td>0.011963</td>\n",
       "      <td>-0.030909</td>\n",
       "      <td>0.112672</td>\n",
       "      <td>0.003608</td>\n",
       "      <td>0.042062</td>\n",
       "      <td>0.020472</td>\n",
       "    </tr>\n",
       "    <tr>\n",
       "      <th>lat</th>\n",
       "      <td>0.166886</td>\n",
       "      <td>0.166933</td>\n",
       "      <td>-0.015978</td>\n",
       "      <td>-0.024749</td>\n",
       "      <td>0.309274</td>\n",
       "      <td>1.000000</td>\n",
       "      <td>0.001463</td>\n",
       "      <td>-0.024443</td>\n",
       "      <td>-0.073715</td>\n",
       "      <td>0.068682</td>\n",
       "      <td>0.023153</td>\n",
       "      <td>-0.018124</td>\n",
       "      <td>0.015988</td>\n",
       "    </tr>\n",
       "    <tr>\n",
       "      <th>lon</th>\n",
       "      <td>0.003907</td>\n",
       "      <td>0.003917</td>\n",
       "      <td>-0.003880</td>\n",
       "      <td>0.000523</td>\n",
       "      <td>0.004351</td>\n",
       "      <td>0.001463</td>\n",
       "      <td>1.000000</td>\n",
       "      <td>0.000950</td>\n",
       "      <td>-0.000858</td>\n",
       "      <td>0.000486</td>\n",
       "      <td>0.001634</td>\n",
       "      <td>-0.000562</td>\n",
       "      <td>0.000223</td>\n",
       "    </tr>\n",
       "    <tr>\n",
       "      <th>multiple</th>\n",
       "      <td>0.093720</td>\n",
       "      <td>0.093736</td>\n",
       "      <td>-0.004422</td>\n",
       "      <td>-0.013440</td>\n",
       "      <td>0.011963</td>\n",
       "      <td>-0.024443</td>\n",
       "      <td>0.000950</td>\n",
       "      <td>1.000000</td>\n",
       "      <td>0.020310</td>\n",
       "      <td>0.030750</td>\n",
       "      <td>0.051698</td>\n",
       "      <td>-0.001084</td>\n",
       "      <td>0.011341</td>\n",
       "    </tr>\n",
       "    <tr>\n",
       "      <th>success</th>\n",
       "      <td>-0.082972</td>\n",
       "      <td>-0.082963</td>\n",
       "      <td>-0.002845</td>\n",
       "      <td>0.073233</td>\n",
       "      <td>-0.030909</td>\n",
       "      <td>-0.073715</td>\n",
       "      <td>-0.000858</td>\n",
       "      <td>0.020310</td>\n",
       "      <td>1.000000</td>\n",
       "      <td>-0.031155</td>\n",
       "      <td>-0.005985</td>\n",
       "      <td>0.053115</td>\n",
       "      <td>0.025804</td>\n",
       "    </tr>\n",
       "    <tr>\n",
       "      <th>suicide</th>\n",
       "      <td>0.137743</td>\n",
       "      <td>0.137736</td>\n",
       "      <td>0.003071</td>\n",
       "      <td>-0.033961</td>\n",
       "      <td>0.112672</td>\n",
       "      <td>0.068682</td>\n",
       "      <td>0.000486</td>\n",
       "      <td>0.030750</td>\n",
       "      <td>-0.031155</td>\n",
       "      <td>1.000000</td>\n",
       "      <td>0.035791</td>\n",
       "      <td>0.136086</td>\n",
       "      <td>0.099525</td>\n",
       "    </tr>\n",
       "    <tr>\n",
       "      <th>claimed</th>\n",
       "      <td>0.141600</td>\n",
       "      <td>0.141486</td>\n",
       "      <td>0.023083</td>\n",
       "      <td>0.006779</td>\n",
       "      <td>0.003608</td>\n",
       "      <td>0.023153</td>\n",
       "      <td>0.001634</td>\n",
       "      <td>0.051698</td>\n",
       "      <td>-0.005985</td>\n",
       "      <td>0.035791</td>\n",
       "      <td>1.000000</td>\n",
       "      <td>0.014038</td>\n",
       "      <td>0.004992</td>\n",
       "    </tr>\n",
       "    <tr>\n",
       "      <th>nkilled</th>\n",
       "      <td>0.015351</td>\n",
       "      <td>0.015341</td>\n",
       "      <td>0.003463</td>\n",
       "      <td>0.027737</td>\n",
       "      <td>0.042062</td>\n",
       "      <td>-0.018124</td>\n",
       "      <td>-0.000562</td>\n",
       "      <td>-0.001084</td>\n",
       "      <td>0.053115</td>\n",
       "      <td>0.136086</td>\n",
       "      <td>0.014038</td>\n",
       "      <td>1.000000</td>\n",
       "      <td>0.534375</td>\n",
       "    </tr>\n",
       "    <tr>\n",
       "      <th>nwounded</th>\n",
       "      <td>0.015282</td>\n",
       "      <td>0.015273</td>\n",
       "      <td>0.002938</td>\n",
       "      <td>-0.006627</td>\n",
       "      <td>0.020472</td>\n",
       "      <td>0.015988</td>\n",
       "      <td>0.000223</td>\n",
       "      <td>0.011341</td>\n",
       "      <td>0.025804</td>\n",
       "      <td>0.099525</td>\n",
       "      <td>0.004992</td>\n",
       "      <td>0.534375</td>\n",
       "      <td>1.000000</td>\n",
       "    </tr>\n",
       "  </tbody>\n",
       "</table>\n",
       "</div>"
      ],
      "text/plain": [
       "             event      year    imonth  extended    region       lat  \\\n",
       "event     1.000000  0.999996  0.002706  0.091761  0.401371  0.166886   \n",
       "year      0.999996  1.000000  0.000139  0.091754  0.401384  0.166933   \n",
       "imonth    0.002706  0.000139  1.000000 -0.000468 -0.002999 -0.015978   \n",
       "extended  0.091761  0.091754 -0.000468  1.000000  0.038389 -0.024749   \n",
       "region    0.401371  0.401384 -0.002999  0.038389  1.000000  0.309274   \n",
       "lat       0.166886  0.166933 -0.015978 -0.024749  0.309274  1.000000   \n",
       "lon       0.003907  0.003917 -0.003880  0.000523  0.004351  0.001463   \n",
       "multiple  0.093720  0.093736 -0.004422 -0.013440  0.011963 -0.024443   \n",
       "success  -0.082972 -0.082963 -0.002845  0.073233 -0.030909 -0.073715   \n",
       "suicide   0.137743  0.137736  0.003071 -0.033961  0.112672  0.068682   \n",
       "claimed   0.141600  0.141486  0.023083  0.006779  0.003608  0.023153   \n",
       "nkilled   0.015351  0.015341  0.003463  0.027737  0.042062 -0.018124   \n",
       "nwounded  0.015282  0.015273  0.002938 -0.006627  0.020472  0.015988   \n",
       "\n",
       "               lon  multiple   success   suicide   claimed   nkilled  nwounded  \n",
       "event     0.003907  0.093720 -0.082972  0.137743  0.141600  0.015351  0.015282  \n",
       "year      0.003917  0.093736 -0.082963  0.137736  0.141486  0.015341  0.015273  \n",
       "imonth   -0.003880 -0.004422 -0.002845  0.003071  0.023083  0.003463  0.002938  \n",
       "extended  0.000523 -0.013440  0.073233 -0.033961  0.006779  0.027737 -0.006627  \n",
       "region    0.004351  0.011963 -0.030909  0.112672  0.003608  0.042062  0.020472  \n",
       "lat       0.001463 -0.024443 -0.073715  0.068682  0.023153 -0.018124  0.015988  \n",
       "lon       1.000000  0.000950 -0.000858  0.000486  0.001634 -0.000562  0.000223  \n",
       "multiple  0.000950  1.000000  0.020310  0.030750  0.051698 -0.001084  0.011341  \n",
       "success  -0.000858  0.020310  1.000000 -0.031155 -0.005985  0.053115  0.025804  \n",
       "suicide   0.000486  0.030750 -0.031155  1.000000  0.035791  0.136086  0.099525  \n",
       "claimed   0.001634  0.051698 -0.005985  0.035791  1.000000  0.014038  0.004992  \n",
       "nkilled  -0.000562 -0.001084  0.053115  0.136086  0.014038  1.000000  0.534375  \n",
       "nwounded  0.000223  0.011341  0.025804  0.099525  0.004992  0.534375  1.000000  "
      ]
     },
     "execution_count": 6,
     "metadata": {},
     "output_type": "execute_result"
    }
   ],
   "source": [
    "df.corr()"
   ]
  },
  {
   "cell_type": "markdown",
   "metadata": {},
   "source": [
    "### Creating a correlation marix to identify column dependancies"
   ]
  },
  {
   "cell_type": "code",
   "execution_count": 7,
   "metadata": {},
   "outputs": [
    {
     "data": {
